nstlog = 100
nstenergy = 100
integrator = steep
nsteps = 10000
pbc = xyz
cutoff-scheme = Verlet
nstlist = 1
rlist = 333.3
rvdw = 333.3
rcoulomb = 333.3
coulombtype = Cut-off
vdwtype = Cut-off
free-energy = yes
couple-moltype = MOL
couple-lambda0 = vdw-q
couple-lambda1 = none
couple-intramol = yes
sc-alpha = 0.5
sc-power = 1
sc-sigma = 0.3
calc-lambda-neighbors = -1
coul-lambdas         = 0.00000 0.12500 0.25000 0.37500 0.50000 0.62500 0.75000 0.87500 1.00000 1.00000 1.00000 1.00000 1.00000 1.00000 1.00000 1.00000 1.00000 1.00000 1.00000
vdw-lambdas          = 0.00000 0.00000 0.00000 0.00000 0.00000 0.00000 0.00000 0.00000 0.00000 0.10000 0.20000 0.30000 0.40000 0.50000 0.60000 0.70000 0.80000 0.90000 1.00000
init-lambda-state = 11
nstcalcenergy = 100
nstdhdl = 100
